0.000000 -15.417587
-1.515544 -14.132788
1.515544 -14.132788
-3.031089 -12.847989
0.000000 -12.847989
3.031089 -12.847989
-4.546633 -11.563190
-1.515544 -11.563190
1.515544 -11.563190
4.546633 -11.563190
-6.062178 -10.278391
-3.031089 -10.278391
0.000000 -10.278391
3.031089 -10.278391
6.062178 -10.278391
-7.577722 -8.993592
-4.546633 -8.993592
-1.515544 -8.993592
1.515544 -8.993592
4.546633 -8.993592
7.577722 -8.993592
-9.093267 -7.708793
-6.062178 -7.708793
-3.031089 -7.708793
0.000000 -7.708793
3.031089 -7.708793
6.062178 -7.708793
9.093267 -7.708793
-7.577722 -6.423994
-4.546633 -6.423994
-1.515544 -6.423994
1.515544 -6.423994
4.546633 -6.423994
7.577722 -6.423994
-9.093267 -5.139196
-6.062178 -5.139196
-3.031089 -5.139196
0.000000 -5.139196
3.031089 -5.139196
6.062178 -5.139196
9.093267 -5.139196
-7.577722 -3.854397
-4.546633 -3.854397
-1.515544 -3.854397
1.515544 -3.854397
4.546633 -3.854397
7.577722 -3.854397
-9.093267 -2.569598
-6.062178 -2.569598
-3.031089 -2.569598
0.000000 -2.569598
3.031089 -2.569598
6.062178 -2.569598
9.093267 -2.569598
-7.577722 -1.284799
-4.546633 -1.284799
-1.515544 -1.284799
1.515544 -1.284799
4.546633 -1.284799
7.577722 -1.284799
-9.093267 0.000000
-6.062178 0.000000
-3.031089 0.000000
0.000000 0.000000
3.031089 0.000000
6.062178 0.000000
9.093267 0.000000
-7.577722 1.284799
-4.546633 1.284799
-1.515544 1.284799
1.515544 1.284799
4.546633 1.284799
7.577722 1.284799
-9.093267 2.569598
-6.062178 2.569598
-3.031089 2.569598
0.000000 2.569598
3.031089 2.569598
6.062178 2.569598
9.093267 2.569598
-7.577722 3.854397
-4.546633 3.854397
-1.515544 3.854397
1.515544 3.854397
4.546633 3.854397
7.577722 3.854397
-9.093267 5.139196
-6.062178 5.139196
-3.031089 5.139196
0.000000 5.139196
3.031089 5.139196
6.062178 5.139196
9.093267 5.139196
-7.577722 6.423994
-4.546633 6.423994
-1.515544 6.423994
1.515544 6.423994
4.546633 6.423994
7.577722 6.423994
-9.093267 7.708793
-6.062178 7.708793
-3.031089 7.708793
0.000000 7.708793
3.031089 7.708793
6.062178 7.708793
9.093267 7.708793
-7.577722 8.993592
-4.546633 8.993592
-1.515544 8.993592
1.515544 8.993592
4.546633 8.993592
7.577722 8.993592
-6.062178 10.278391
-3.031089 10.278391
0.000000 10.278391
3.031089 10.278391
6.062178 10.278391
-4.546633 11.563190
-1.515544 11.563190
1.515544 11.563190
4.546633 11.563190
-3.031089 12.847989
0.000000 12.847989
3.031089 12.847989
-1.515544 14.132788
1.515544 14.132788
0.000000 15.417587
